-998044
-988884
-968459
-948084
-941626
-920004
-918144
-907448
-907143
-887155
-872811
-855027
-852213
-842364
-837402
-828736
-820307
-815790
-814765
-809236
-802459
-801028
-798251
-730906
-730341
-723617
-694902
-687351
-659102
-623620
-623356
-621027
-616914
-594764
-592044
-575209
-568040
-565939
-537141
-535745
-534297
-534011
-497696
-482115
-477871
-448269
-445357
-443422
-432902
-425405
-424268
-421548
-415816
-399424
-378660
-374319
-372371
-367233
-358803
-354003
-350157
-347056
-342864
-337235
-336265
-319613
-314294
-304573
-281378
-252966
-227108
-167955
-157900
-146950
-130518
-108163
-83311
-75673
-71074
-16407
-7406
-4311
8096
13373
21521
29074
44288
46179
71873
76135
81375
85357
101908
103826
108348
109235
115722
116126
121747
156736
160032
177434
186913
191014
205409
237061
245940
262125
270635
298335
298701
323696
336086
390506
408312
409314
460725
485046
506311
506953
509394
518498
536627
545181
561297
565392
592201
593853
597576
601172
614317
628240
641133
644860
671838
671903
701175
705671
736161
741385
780420
781526
793163
800740
801108
808180
817952
819251
839114
846196
850011
853188
856287
865991
893659
940714
946397
947635
961169
989080
991832
995919
