-968459
-941626
-920004
-918144
-907143
-872811
-842364
-837402
-815790
-809236
-802459
-798251
-730341
-723617
-694902
-687351
-621027
-616914
-594764
-592044
-568040
-565939
-537141
-534297
-534011
-497696
-482115
-448269
-445357
-443422
-432902
-424268
-421548
-415816
-399424
-378660
-374319
-367233
-354003
-347056
-342864
-336265
-319613
-304573
-281378
-157900
-146950
-130518
-83311
-75673
-71074
8096
21521
29074
44288
76135
81375
85357
101908
109235
116126
156736
160032
177434
186913
191014
245940
270635
298335
336086
408312
506311
506953
518498
545181
561297
565392
592201
593853
601172
628240
671838
736161
741385
780420
781526
793163
800740
808180
817952
819251
839114
846196
850011
853188
856287
865991
893659
940714
946397
961169
991832
-998044
-907448
-887155
-886148
-874520
-873538
-825565
-825418
-819759
-782412
-763105
-688829
-588764
-577876
-553085
-547795
-513243
-498009
-484854
-476925
-462008
-435234
-420102
-395862
-326311
-315752
-294505
-258963
-257215
-246037
-235679
-229773
-228075
-223613
-200063
-175445
-167336
-165977
-165102
-146970
-146452
-134907
-132514
-117012
-110093
-85557
-53411
-52008
-43411
-32577
1848
10182
37428
71889
73457
139161
154608
172865
176269
187274
204269
231393
240226
348515
361670
371678
424935
459004
484488
504648
592741
599536
600970
611454
643490
645179
655260
660952
801929
893451
947811
955244
955387
993949
