-968459
-920004
-918144
-907143
-842364
-837402
-815790
-802459
-798251
-730341
-694902
-687351
-621027
-616914
-594764
-592044
-565939
-537141
-534297
-534011
-497696
-482115
-448269
-432902
-421548
-378660
-367233
-347056
-336265
-304573
-157900
-75673
-71074
21521
29074
44288
81375
85357
109235
160032
186913
191014
298335
336086
408312
506311
506953
545181
565392
601172
671838
736161
800740
808180
819251
865991
991832
-998044
-907448
-886148
-873538
-688829
-588764
-547795
-498009
-484854
-476925
-462008
-435234
-420102
-395862
-326311
-315752
-257215
-246037
-235679
-229773
-228075
-223613
-175445
-167336
-165977
-165102
-146970
-146452
-134907
-132514
-117012
-85557
-53411
-43411
-32577
1848
10182
37428
71889
73457
139161
176269
231393
240226
371678
424935
459004
484488
504648
592741
600970
611454
645179
660952
801929
893451
947811
-988884
-948084
-855027
-852213
-828736
-820307
-814765
-801028
-730906
-659102
-623620
-623356
-575209
-535745
-477871
-425405
-372371
-358803
-350157
-337235
-314294
-252966
-227108
-167955
-108163
-16407
-7406
-4311
13373
46179
71873
103826
108348
115722
121747
205409
237061
262125
298701
323696
390506
409314
460725
485046
509394
536627
597576
614317
641133
644860
671903
701175
705671
801108
947635
989080
995919
-964485
-943334
-907182
-904065
-857846
-833659
-807227
-743181
-679432
-617234
-614272
-524337
-506039
-504034
-423173
-394489
-387837
-326940
-322573
-322072
-279516
-201018
-75528
-35090
13055
82146
88592
104411
139821
174943
179113
241749
270753
289283
339519
380890
387972
425767
436097
485118
490560
492164
497213
524396
539203
557207
566120
570867
714932
739617
773744
789771
802102
820022
837104
895918
947920
